16795
16797
16798
16799
16800
16801
16802
16803
16804
16805
16806
16807
16808
16809
16810
16811
16812
16813
16814
16815
16816
16817
16818
16819
16820
16821
16822
16823
16824
16825
16826
16827
16828
16829
16830
16831
16832
16833
16834
16835
16836
16837
16838
16839
16840
16841
16842
16843
16844
16845
16846
16847
16848
16849
16850
16851
16852
16861
16862
16863
16864
16865
16866
16867
16868
16897
16898
16899
16900
16901
16902
16903
16904
16905
16906
16907
16908
16909
16910
16911
16912
16913
16914
16915
16916
16917
16918
16919
16920
16921
16922
16923
16924
16925
16926
16927
16928
16929
16930
16931
16932
16933
16934
16935
16936
16937
16938
16939
16940
16941
16942
16943
16944
16945
16946
16947
16948
16949
16950
16954
16959
16960
16961
16962
16963
16964
16965
16966
17063
17064
17065
17066
17067
17068
17069
17071
17072
17073
17074
17075
17076
17077
17078
17082
17102
17103
17104
17105
17106
17107
17109
17110
18203
18205
18403
18404
18406
18608
18713
18715
18803
18805
18806
18808
18809
18810
18811
18812
18813
18814
18815
18816
18817
18820
18821
18822
18823
18824
18829
18832
18842
18861
18872
18875
18878
18879
19136
19137
19138
19139
19140
19142
19143
19144
19145
19146
19147
19334
19335
19336
19337
19339
19340
19341
19342
19344
19345
19346
19347
19348
19349
19350
19351
19352
19353
19355
19356
19357
19360
19361
19363
19364
19365
19367
19368
19369
19370
19371
19372
19373
19374
19375
19376
19377
19378
19379
19380
19381
19382
19385
19386
19387
19388
19389
19390
19391
19392
19393
19394
19395
19396
19397
19398
19399
19400
19401
19402
19403
19405
19406
19407
19430
19431
19432
19433